# Vectors
# Indexing in vectors

x <- c(4,3,5,6,2,6,8)

# Indexing
x[1]
x[2]
x[3]

x[-1]

x[c(1,2)]

x[c(2,-4)]

# Slicing
x[1:4]
x[3:6]



age <- c(45,23,56,21,15,18,17,20,34)
age > 20
age[age > 20]

age[1] <- 49
age
age <- c(age,12,34)
age

age[3] <- NULL

age <- NULL
age





